6018 398
1222 8611
534 2739
8149 3434
2245 6462
2163 4155
8794 9837
8719 6783
9044 125
8141 7825
5802 6259
2227 8309
4429 1113
8208 3810
5286 6755
3366 7485
7151 8621
2936 2068
9998 5811
8159 4356
2331 9868
6567 1496
2226 8788
9542 2446
356 1733
5228 8711
5544 8577
6213 8795
9583 5743
9580 5639
4981 8927
4858 565
8307 1323
1996 9333
6786 4621
3794 3469
7498 5479
2388 5642
5448 723
1903 738
3726 8503
5277 1112
5844 7460
2979 2475
7116 2588
4931 5404
9395 5341
450 6874
4116 5982
308 4971
9542 1173
8275 2233
8134 3779
1279 7846
1535 3021
4095 446
8949 2392
8437 7000
2722 4639
9808 1720
1960 6340
2923 6020
2612 3041
1987 7009
4980 4906
4454 7385
767 1729
3446 7515
7010 9124
7116 8640
8684 4519
730 2725
6255 4970
9 1162
2134 4088
433 629
6262 5467
1287 7316
9645 590
2720 2782
6583 4353
4612 1812
10000 1875
4334 505
4292 5343
1152 3403
6177 3493
7827 2157
4862 8947
4987 2786
9285 7392
2377 7832
1995 8790
3499 5311
4241 5066
8254 804
6483 2216
8548 2367
4589 2191
960 4325
