4559 7566
7766 8692
7839 1448
4549 3181
9080 315
8341 8887
4919 9600
8557 2712
2218 3086
7361 2050
3740 4344
9069 5485
339 5599
1258 8979
4802 8584
5840 6901
6330 7689
7800 3739
5764 6268
9675 2441
356 5606
6205 1069
7723 6721
5216 2116
2235 694
2967 348
9495 6790
1928 6276
9303 5207
7788 5888
5525 6028
6662 3593
5591 4733
4525 5985
9545 4822
1880 8116
4470 9275
4437 3578
2115 2425
7846 1241
1992 4904
9481 1815
5452 8029
1379 9549
3100 7275
8408 2375
9687 2409
2761 8359
3785 4799
2154 5354
6306 1850
3519 8082
8930 1103
9171 7955
3492 8156
1956 3225
9204 5098
3902 4582
9182 1295
3714 1226
7685 8560
3795 1371
476 3875
2110 4548
1188 1618
3683 6745
8755 4155
2196 5784
5885 5445
5496 9019
8082 4126
9261 2154
2820 5855
168 5070
6771 8737
4954 7984
2886 4264
6449 752
1864 9821
1463 8194
6557 522
8667 1586
6112 9407
7115 4616
3274 9505
5419 7623
7713 5954
8100 2159
1819 92
5036 9074
5357 1926
7853 2740
2164 6857
1669 3547
9855 1677
9658 5078
4119 2684
8248 394
269 5704
4024 791
