8225 1338
7548 7883
4169 5779
426 5066
7886 2983
5221 7272
8345 6833
2770 6751
3004 4375
3735 5860
7485 202
4231 8800
5197 8089
2380 6459
8504 5297
6656 1684
9915 3088
1592 8077
1565 455
2414 8179
8412 252
6441 5644
2021 2959
443 8265
1728 7237
7495 5931
5925 7872
253 1762
3663 2096
7299 8784
9435 2626
4081 7275
9580 6406
1833 9234
543 4399
578 1159
2038 2196
8192 3914
8148 8451
4641 9223
2628 4197
2134 8630
8438 3837
7212 2288
1270 9353
4086 945
714 9339
3129 4041
4873 418
6099 7740
8627 7761
4905 5113
5056 7681
2140 3160
7353 3858
471 5869
4909 3757
9288 2489
2897 7701
5032 3615
8328 6667
3417 9940
9738 5841
9339 9039
7108 6998
4698 5169
3548 8208
568 9310
3438 3736
6739 9929
8632 8751
7074 4046
6255 5311
6209 5224
2076 716
4391 8915
8471 825
400 331
6126 6054
2940 6020
4370 7031
1443 1411
5662 864
9651 617
4340 8909
8919 8928
9702 1262
8406 6334
6110 1184
8646 7511
6187 3030
7387 3007
1816 9110
6831 2540
1530 4832
5519 9786
6023 3673
4032 5368
6829 9142
3581 7535
