8150 6590
340 4906
5358 396
1548 2978
1988 4360
7429 7128
4691 4330
6336 4115
1255 1822
3017 8836
9002 3871
2761 8691
7047 15
5497 6763
8240 6336
9233 2782
7659 786
7438 1670
4455 2025
225 8746
5116 122
4612 4521
4897 6819
9385 5781
3927 4276
5627 7295
1634 3022
7941 7036
1607 4086
6145 4369
1553 597
9112 4864
1902 1887
2216 2654
1879 9119
901 9168
924 4635
1094 9826
7405 2313
7744 4867
8326 1918
7632 3888
2674 1342
7537 8764
3264 2326
1805 6089
3059 6529
4304 6166
9571 9370
1528 4277
7089 5951
1417 4184
6775 6591
9166 4215
8014 3968
2922 6224
649 4719
1916 7323
3247 7397
1824 1929
758 354
769 5705
8379 9656
7293 1478
3278 9607
8178 9009
1689 9872
4436 2294
4609 4457
8048 8253
7990 7884
9514 7552
9637 1132
9715 8052
1404 1669
8999 198
6365 3694
9810 1331
8236 6974
4403 9891
6418 136
5656 6484
3140 453
4313 9263
4670 1341
1073 3912
3609 8705
774 7607
6812 1448
122 4718
5438 1043
2890 3095
8905 9551
5491 2284
6202 8279
7221 2306
6837 9524
1264 9858
5702 3874
5563 5413
