1800 9932
6927 4909
7191 1324
2063 5531
9075 3705
3905 5872
4681 1662
697 9527
1075 294
3246 8923
529 152
5739 9246
3481 2430
178 9206
8025 6820
8269 4786
9461 2827
2579 9931
4945 6941
2962 2981
1148 8171
2303 549
3415 7313
1160 9868
6849 5803
4226 4913
2096 2770
7876 4748
6894 6847
6383 191
5710 752
7752 6127
3977 5128
788 576
9578 8224
9967 720
4434 8251
1688 8569
4440 1256
2733 938
3729 9456
1710 4831
3239 6127
81 3612
1658 8432
4386 617
3600 8113
7540 7959
5114 8230
2616 7153
3188 3561
6424 1486
9432 4431
5857 8866
2289 949
1195 980
2759 1305
8567 954
715 2838
244 2065
4960 5639
5773 5753
1284 3404
3218 9309
5194 4122
594 8064
9590 5245
5314 7779
1092 1177
8156 4211
9237 2446
6247 7263
1174 7162
1823 5527
9727 9320
6401 4112
1750 6422
1478 4100
3629 8644
4473 5542
1598 8152
1526 1251
497 2543
4416 3572
6680 1102
1903 8352
6472 9430
4757 3454
6580 310
6188 6072
5143 8538
9710 6044
1982 7314
4319 1596
6432 2381
1883 2549
587 6084
6936 2348
939 1315
6007 6132
